100037417
10062
100652777
10216
10221
1029
10333
10392
10417
10488
1050
1053
105369213
1071
1075
10859
10875
10987
11027
11117
11213
112744
11277
11326
113277
114770
114771
1191
120892
1234
1238
1240
124912
1265
128506
131450
133396
139716
1401
140685
140885
142
1435
1436
1437
1438
1439
145581
146433
148022
149233
1514
151647
1524
1588
159296
161145
1652
171389
1755
177
1796
183
185
19
1907
1910
199
207
2117
2185
2204
2208
2213
221395
2214
2219
2241
22861
22900
22904
22918
23166
23208
23210
23230
23411
23461
23521
2355
2358
23586
23643
23729
24145
247
249
255231
26228
2624
2625
26253
2629
2660
2683
2693
2703
27086
27102
27347
284
284297
284340
284467
2896
2908
29108
3059
3123
3135
3297
3329
338
338339
3398
3430
345611
3458
3459
3460
3497
351
3553
3565
3566
3569
3586
3593
3596
3600
3606
3623
3624
3661
3665
3670
3684
3685
3689
3690
3717
3735
3764
384
3929
3949
3958
3959
3976
3988
399687
4023
4035
4137
4192
4208
4210
4282
4313
4317
4318
4323
4345
4481
4485
4486
4615
4669
4693
472
4790
4792
4882
4920
5025
5027
5047
50487
51063
51192
51284
51311
5138
51435
51465
5153
51542
51554
51561
5167
5168
51704
5196
5320
5321
5322
53342
5336
54
54106
54209
5465
5468
55013
5553
55576
5578
558
5581
55829
5583
5594
5595
5601
5618
566
56670
56833
57007
57115
57142
5724
5747
57509
5771
57817
5788
5795
58191
58515
5919
5925
59341
6095
613
6288
632
6347
6348
6351
6352
6354
6368
6376
64127
64135
64170
6441
64581
64784
6480
64805
6504
652
65266
6556
6622
6646
6696
671
678
6850
7040
7042
7043
7057
7096
7097
7098
7099
7100
7107
712
7124
714
719
727
728
7291
729230
7305
7351
7376
7422
7442
7448
7474
7538
7805
7852
79004
79148
79155
796
79647
79671
79902
80149
80301
81035
81501
81624
8288
8291
8314
8399
841
843
8435
84456
84465
84466
8449
84630
84675
8482
84868
8530
85363
85480
8578
8651
8685
8737
8754
8767
8772
8832
8877
8909
8993
90865
9111
91179
9173
920
9215
9258
9261
928
929
9332
9370
93978
941
9444
9447
947
948
949
950
9516
9572
960
9619
972
975
9867
998
