

TREE # 1

  0  0.0000  48028.349985  x:  0.13455   0.23569   0.19899   0.12448   0.03293   0.07707   0.30564   0.06566   0.01535   0.20606   0.12746   0.15016   0.09867   0.10818   0.21278   0.28613   0.03815   0.08761   0.04710   0.22685   0.17887   0.00000   0.05221   0.04903   0.06403   0.13399   0.12655   0.09800   0.07833   0.04629   0.17072   0.07610   0.16369   0.21989   0.15127   0.09991   0.12294   0.04511   0.19418   0.02960   0.12062   0.08119   0.15456   0.11682   0.08814   0.17038   0.02393   0.01877   0.18516   0.11248   0.03560   0.06467   0.04869   0.07426   0.08313   0.06527   0.07271   0.11183   0.15596   0.03279   0.02448   0.31536   1.14311   0.80961  
  1 99.0000  44093.156204  x:  0.27708   0.29568   0.27887   0.23887   0.01491   0.01014   0.39445   0.20819   0.49876   0.34645   0.25147   0.28305   0.30032   0.28156   0.34986   0.40821   0.36385   0.31302   0.25689   0.36745   0.34002   0.75959   0.07225   0.03822   0.00000   0.20088   0.14479   0.15193   0.27929   0.07529   0.35555   0.21582   0.23330   0.34586   0.27020   0.20218   0.32454   0.14674   0.39627   0.14744   0.33909   0.13484   0.32299   0.29983   0.24925   0.30909   0.24849   0.32107   0.30588   0.31023   0.09138   0.19859   0.02152   0.12314   0.28951   0.05351   0.18434   0.23254   0.24344   0.11506   0.10044   0.44224   1.37313   0.39948  
  2 9704.3516  43705.265417  x:  0.28777   0.30818   0.29105   0.25055   0.07216   0.07023   0.41260   0.21888   0.50513   0.35862   0.26492   0.29861   0.30728   0.28812   0.37049   0.43064   0.36705   0.32493   0.26237   0.38577   0.35518   0.74866   0.05369   0.02361   0.03067   0.20847   0.14873   0.15641   0.27975   0.05981   0.37546   0.21123   0.22531   0.35372   0.27408   0.20101   0.33795   0.13830   0.41813   0.13618   0.35044   0.12962   0.33831   0.30977   0.24981   0.32281   0.24076   0.31247   0.31681   0.32035   0.07883   0.19492   0.00946   0.11738   0.29064   0.04112   0.17993   0.23791   0.24138   0.09586   0.07813   0.45620   1.42540   0.23516  
  3 3866.4827  43467.572230  x:  0.30935   0.33631   0.31572   0.27205   0.05390   0.04787   0.45169   0.24047   0.50231   0.38336   0.29117   0.32966   0.31617   0.29710   0.41120   0.47751   0.36427   0.34515   0.26884   0.42218   0.38469   0.69142   0.01960   0.00000   0.00623   0.21867   0.15232   0.16116   0.27355   0.03149   0.41216   0.19780   0.20674   0.36163   0.28252   0.19788   0.36119   0.11811   0.45927   0.10793   0.36809   0.11889   0.36594   0.32524   0.24605   0.34883   0.21692   0.28298   0.33790   0.33634   0.05592   0.18487   0.00398   0.10770   0.28649   0.02419   0.16855   0.24607   0.23614   0.05640   0.03195   0.48552   1.50949   0.22596  
  4 1791.6432  43340.669566  x:  0.32993   0.36291   0.33864   0.29183   0.04433   0.03442   0.48916   0.26105   0.49917   0.40746   0.31576   0.35898   0.32447   0.30539   0.44978   0.52257   0.36116   0.36488   0.27472   0.45708   0.41333   0.63285   0.00726   0.05008   0.00206   0.22828   0.15689   0.16707   0.26928   0.01735   0.44760   0.18743   0.18813   0.36880   0.29068   0.19469   0.38352   0.09869   0.49910   0.08026   0.38523   0.10851   0.39214   0.33987   0.24244   0.37366   0.19323   0.25358   0.35801   0.35182   0.03947   0.17627   0.01074   0.10045   0.28290   0.01650   0.15904   0.25391   0.23170   0.03033   0.00437   0.51396   1.59171   0.22468  
  5 7577.5438  43212.701111  x:  0.34899   0.38792   0.35992   0.30992   0.03774   0.02453   0.52457   0.28010   0.49427   0.43006   0.33854   0.38629   0.33155   0.31252   0.48593   0.56518   0.35684   0.38298   0.27939   0.48984   0.44016   0.57282   0.00000   0.07508   0.00154   0.23703   0.16099   0.17195   0.26421   0.00718   0.48067   0.17787   0.17005   0.37500   0.29807   0.19120   0.40407   0.08010   0.53650   0.05360   0.40087   0.09850   0.41638   0.35306   0.23852   0.39675   0.16964   0.22416   0.37667   0.36591   0.02674   0.16787   0.01512   0.09382   0.27879   0.01327   0.15023   0.26094   0.22759   0.02160   0.03406   0.54076   1.66980   0.22534  
  6 10563.9942  43013.322852  x:  0.39175   0.44295   0.40497   0.34742   0.04030   0.02359   0.60417   0.32286   0.48284   0.48243   0.38789   0.44635   0.34683   0.32753   0.56592   0.66181   0.34625   0.42497   0.28886   0.56345   0.50159   0.42672   0.07653   0.07329   0.02029   0.25423   0.16877   0.17947   0.25526   0.04410   0.55517   0.16851   0.12992   0.38717   0.31492   0.18411   0.45076   0.04452   0.62206   0.00000   0.43715   0.07838   0.46984   0.38233   0.23195   0.44824   0.11563   0.15636   0.41807   0.39811   0.03996   0.15357   0.01923   0.08560   0.27106   0.04580   0.13857   0.27662   0.22201   0.07242   0.03320   0.60224   1.84876   0.24454  
  7 6252.7655  42953.662670  x:  0.41589   0.47147   0.42207   0.35824   0.04239   0.02862   0.65157   0.34700   0.47078   0.51760   0.41049   0.47709   0.35188   0.33126   0.60910   0.72226   0.33445   0.45270   0.28922   0.60618   0.54082   0.29655   0.09845   0.08095   0.00000   0.25373   0.16332   0.17329   0.25168   0.05686   0.59315   0.17037   0.11343   0.38705   0.32560   0.18096   0.47865   0.07049   0.67784   0.13415   0.46245   0.08355   0.49773   0.39814   0.24104   0.47656   0.08383   0.11297   0.44014   0.41572   0.06801   0.15990   0.02517   0.10265   0.27029   0.06399   0.14693   0.28051   0.23180   0.09893   0.03561   0.64222   1.96583   0.24734  
  8 1960.8652  42939.420906  x:  0.41870   0.47048   0.41561   0.35017   0.02829   0.01296   0.65659   0.34981   0.47252   0.52621   0.40767   0.47681   0.35176   0.32948   0.61033   0.73159   0.33362   0.46076   0.28729   0.61030   0.54791   0.26110   0.09806   0.08155   0.01890   0.24750   0.15915   0.16820   0.25698   0.05948   0.59295   0.17904   0.13043   0.38170   0.32886   0.18542   0.48308   0.07652   0.68510   0.13847   0.46549   0.08413   0.49719   0.39749   0.24388   0.47773   0.09137   0.11841   0.44142   0.41825   0.07092   0.17047   0.01571   0.11033   0.27645   0.05875   0.15723   0.27755   0.24594   0.10215   0.03513   0.65042   1.98609   0.24003  
  9 562.4298  42914.675927  x:  0.42432   0.46605   0.40014   0.33192   0.03141   0.02685   0.66457   0.35543   0.48220   0.54426   0.39997   0.47441   0.35298   0.32674   0.61020   0.74858   0.33585   0.47879   0.28458   0.61690   0.56140   0.19752   0.09136   0.08320   0.02122   0.23349   0.14926   0.15729   0.27036   0.06103   0.59015   0.19758   0.16972   0.37011   0.33630   0.19625   0.49215   0.08577   0.69781   0.13081   0.47159   0.08482   0.49459   0.39595   0.24986   0.47859   0.11214   0.13686   0.44305   0.42385   0.07256   0.19289   0.00000   0.12357   0.29188   0.04416   0.17807   0.27156   0.27631   0.10345   0.03488   0.66695   2.02214   0.24962  
 10 1149.3704  42903.492996  x:  0.42801   0.46062   0.38637   0.31600   0.03228   0.02824   0.66956   0.35912   0.49140   0.55869   0.39177   0.47081   0.35389   0.32424   0.60804   0.76087   0.33806   0.49336   0.28191   0.62075   0.57074   0.14654   0.08861   0.08187   0.00974   0.22273   0.14252   0.14976   0.28081   0.06322   0.58594   0.21130   0.20027   0.35991   0.34154   0.20396   0.49846   0.09137   0.70641   0.11982   0.47580   0.08519   0.49105   0.39398   0.25395   0.47760   0.12766   0.15150   0.44294   0.42758   0.07586   0.20928   0.02454   0.13228   0.30446   0.03742   0.19278   0.26661   0.29901   0.10669   0.03487   0.67979   2.04918   0.24592  
 11 1637.8707  42900.796449  x:  0.42848   0.45758   0.38254   0.31183   0.03374   0.02350   0.66977   0.35959   0.49630   0.56271   0.38789   0.46862   0.35457   0.32383   0.60585   0.76303   0.33965   0.49765   0.28119   0.62068   0.57178   0.13604   0.09013   0.08428   0.00000   0.22247   0.14433   0.15162   0.28279   0.06389   0.58335   0.21243   0.20543   0.35678   0.34210   0.20420   0.49936   0.09177   0.70751   0.11745   0.47676   0.08588   0.48921   0.39339   0.25462   0.47581   0.12905   0.15395   0.44149   0.42803   0.07700   0.20825   0.02058   0.12830   0.30644   0.04040   0.19263   0.26602   0.30155   0.10870   0.03537   0.68302   2.05441   0.24180  
 12 348.1043  42895.397384  x:  0.43054   0.44553   0.37084   0.29973   0.04573   0.01613   0.66977   0.36165   0.52056   0.57793   0.37311   0.46056   0.35916   0.32426   0.59715   0.76986   0.34904   0.51457   0.28036   0.61992   0.57395   0.11129   0.08641   0.08293   0.00279   0.22793   0.15735   0.16498   0.28824   0.05827   0.57341   0.21094   0.21725   0.34636   0.34341   0.20241   0.50260   0.09320   0.71091   0.11889   0.48143   0.09014   0.48302   0.39285   0.25749   0.46840   0.12975   0.16093   0.43521   0.42982   0.07846   0.19777   0.02213   0.10805   0.31228   0.05225   0.18503   0.26601   0.30377   0.10851   0.03448   0.69488   2.06955   0.24514  
 13 348.1382  42892.654751  x:  0.43153   0.43589   0.36561   0.29476   0.03073   0.02676   0.66953   0.36264   0.54016   0.58922   0.36064   0.45424   0.36218   0.32438   0.59008   0.77438   0.35565   0.52721   0.27987   0.61887   0.57415   0.09996   0.08808   0.08285   0.00256   0.23189   0.16071   0.16907   0.28908   0.05794   0.56586   0.20824   0.22206   0.33907   0.34262   0.19907   0.50404   0.09178   0.71225   0.12013   0.48392   0.09167   0.47821   0.39225   0.25794   0.46207   0.12603   0.16144   0.42970   0.42998   0.07628   0.18961   0.02292   0.10354   0.31339   0.05293   0.17684   0.26653   0.30043   0.10948   0.03439   0.70336   2.07917   0.24418  
 14 243.4078  42890.013316  x:  0.43195   0.42160   0.36398   0.29385   0.03544   0.02271   0.67034   0.36306   0.56958   0.60576   0.34066   0.44551   0.36490   0.32348   0.58023   0.78126   0.36275   0.54569   0.27923   0.61735   0.57295   0.09308   0.09261   0.08224   0.00298   0.23392   0.15348   0.16273   0.28502   0.06177   0.55582   0.20379   0.22478   0.32976   0.33847   0.19314   0.50494   0.08689   0.71283   0.12165   0.48531   0.09049   0.47160   0.39082   0.25585   0.45298   0.11669   0.15565   0.42172   0.42870   0.07059   0.18391   0.02235   0.11778   0.30994   0.04248   0.16802   0.26773   0.29067   0.10876   0.03460   0.71513   2.09226   0.24531  
 15 173.5780  42889.064760  x:  0.43075   0.41428   0.36780   0.29809   0.03495   0.02313   0.67269   0.36186   0.58461   0.61472   0.32807   0.44205   0.36353   0.32117   0.57630   0.78611   0.36169   0.55568   0.27868   0.61683   0.57113   0.09320   0.08991   0.08222   0.00360   0.23038   0.14961   0.15747   0.27978   0.06174   0.55201   0.20225   0.22367   0.32632   0.33308   0.19294   0.50445   0.08483   0.71173   0.12016   0.48312   0.08827   0.46902   0.38923   0.25316   0.44989   0.11385   0.15046   0.41931   0.42746   0.07741   0.18946   0.02145   0.11755   0.30447   0.05030   0.17590   0.26821   0.28646   0.10337   0.03518   0.72064   2.09870   0.24560  
 16 91.7342  42888.568344  x:  0.42816   0.40954   0.37230   0.30251   0.03504   0.02298   0.67649   0.35927   0.59396   0.62119   0.31758   0.44134   0.36016   0.31842   0.57539   0.79099   0.35468   0.56272   0.27810   0.61674   0.56868   0.09443   0.09014   0.08220   0.00328   0.22749   0.15357   0.16051   0.27668   0.06368   0.55139   0.20368   0.22103   0.32568   0.32586   0.19646   0.50310   0.08745   0.70961   0.12040   0.47922   0.08882   0.46864   0.38787   0.25164   0.44995   0.11545   0.14711   0.42027   0.42552   0.07482   0.19394   0.02201   0.11217   0.29998   0.04465   0.18043   0.26611   0.28694   0.10559   0.03495   0.72330   2.10209   0.24595  
 17 55.9353  42888.185700  x:  0.42375   0.40555   0.37456   0.30385   0.03489   0.02319   0.68286   0.35486   0.60220   0.62822   0.30667   0.44339   0.35654   0.31709   0.57738   0.79790   0.33983   0.56975   0.27784   0.61709   0.56529   0.09605   0.08930   0.08229   0.00315   0.22942   0.15339   0.16268   0.27801   0.06123   0.55301   0.20430   0.21908   0.32693   0.31533   0.20113   0.50042   0.09011   0.70585   0.11943   0.47404   0.09108   0.46999   0.38690   0.25080   0.45197   0.11866   0.14768   0.42421   0.42419   0.07436   0.19064   0.02182   0.11748   0.30055   0.04849   0.17665   0.26455   0.29160   0.10656   0.03469   0.72422   2.10304   0.24611  
 18 39.1630  42888.014243  x:  0.42131   0.40422   0.37287   0.30134   0.03492   0.02309   0.68689   0.35243   0.60633   0.63245   0.30276   0.44566   0.35678   0.31885   0.57970   0.80220   0.32923   0.57321   0.27816   0.61743   0.56377   0.09746   0.09040   0.08223   0.00340   0.23010   0.15121   0.15846   0.27999   0.06190   0.55449   0.20449   0.22006   0.32779   0.31022   0.20035   0.49859   0.08909   0.70375   0.12030   0.47289   0.09062   0.47086   0.38697   0.25126   0.45274   0.11721   0.14834   0.42576   0.42374   0.07495   0.18935   0.02200   0.11342   0.30286   0.04711   0.17577   0.26588   0.29265   0.10536   0.03497   0.72362   2.10136   0.24615  
 19 30.7058  42887.908066  x:  0.42004   0.40393   0.37080   0.29883   0.03483   0.02325   0.68962   0.35115   0.60963   0.63613   0.30207   0.44726   0.35839   0.32109   0.58152   0.80514   0.32070   0.57549   0.27860   0.61750   0.56306   0.09731   0.09035   0.08215   0.00323   0.22947   0.15352   0.16111   0.28023   0.06208   0.55515   0.20357   0.22048   0.32789   0.30887   0.19784   0.49748   0.08719   0.70258   0.12041   0.47407   0.08945   0.47108   0.38752   0.25235   0.45288   0.11545   0.14871   0.42531   0.42372   0.07588   0.19149   0.02179   0.11533   0.30413   0.04637   0.17764   0.26742   0.29122   0.10505   0.03503   0.72220   2.09787   0.24597  
 20 21.2159  42887.777516  x:  0.41999   0.40470   0.37093   0.29919   0.03492   0.02329   0.69212   0.35110   0.61478   0.64223   0.30442   0.44774   0.35984   0.32176   0.58282   0.80787   0.31004   0.57805   0.27914   0.61736   0.56321   0.09543   0.08912   0.08239   0.00348   0.22831   0.15095   0.16090   0.27803   0.06209   0.55481   0.20324   0.21960   0.32681   0.31299   0.19622   0.49764   0.08828   0.70282   0.11982   0.47822   0.09025   0.47082   0.38878   0.25453   0.45350   0.11817   0.14959   0.42278   0.42434   0.07348   0.19171   0.02179   0.11481   0.30216   0.04785   0.17758   0.26588   0.28855   0.10703   0.03465   0.71911   2.09119   0.24544  
 21 13.6214  42887.653317  x:  0.42102   0.40570   0.37261   0.30119   0.03503   0.02335   0.69312   0.35213   0.61842   0.64802   0.30711   0.44659   0.35877   0.31941   0.58277   0.80890   0.30139   0.57883   0.27895   0.61747   0.56417   0.09508   0.09015   0.08221   0.00335   0.22996   0.15459   0.15887   0.27798   0.06296   0.55419   0.20447   0.22118   0.32532   0.31824   0.19598   0.49829   0.08851   0.70410   0.11986   0.48002   0.08933   0.47016   0.38856   0.25346   0.45410   0.11990   0.14945   0.42140   0.42526   0.07580   0.19012   0.02185   0.11537   0.30087   0.04692   0.17642   0.26473   0.28827   0.10446   0.03514   0.71612   2.08724   0.24509  
 22 16.6807  42887.431182  x:  0.42373   0.40672   0.37430   0.30292   0.03514   0.02331   0.69193   0.35484   0.62264   0.65671   0.31025   0.44330   0.35616   0.31537   0.58105   0.80736   0.29101   0.57681   0.27818   0.61815   0.56611   0.09613   0.09135   0.08211   0.00340   0.23073   0.15006   0.16336   0.28091   0.06053   0.55333   0.20398   0.22252   0.32407   0.32493   0.19623   0.49950   0.08739   0.70671   0.12034   0.47830   0.08834   0.46962   0.38700   0.24897   0.45433   0.11732   0.14828   0.42209   0.42644   0.07712   0.18972   0.02190   0.11420   0.30253   0.04544   0.17699   0.26693   0.29021   0.10481   0.03509   0.71158   2.08614   0.24493  
 23 15.8828  42886.887385  x:  0.42945   0.40750   0.37346   0.30110   0.03503   0.02338   0.68580   0.36056   0.62997   0.67354   0.31374   0.43776   0.35577   0.31488   0.57743   0.79984   0.27595   0.56815   0.27701   0.61977   0.56902   0.09722   0.08886   0.08201   0.00350   0.22795   0.15501   0.15761   0.28238   0.05969   0.55340   0.20294   0.21785   0.32580   0.33295   0.19798   0.50192   0.08822   0.71117   0.11906   0.47115   0.09199   0.47069   0.38535   0.24601   0.45378   0.10955   0.14671   0.42643   0.42708   0.07043   0.19227   0.02156   0.11497   0.30672   0.04895   0.17758   0.27048   0.29408   0.10785   0.03426   0.70271   2.09084   0.24502  
 24 24.0789  42885.738372  x:  0.43717   0.40932   0.37033   0.29516   0.03488   0.02333   0.67410   0.36828   0.63856   0.70053   0.31567   0.43507   0.36138   0.32442   0.57602   0.78442   0.25881   0.54896   0.27417   0.62171   0.57104   0.09652   0.08599   0.08095   0.00346   0.22848   0.15102   0.16299   0.27510   0.06883   0.55675   0.20462   0.21325   0.33358   0.33724   0.20344   0.50423   0.09048   0.71483   0.11582   0.46169   0.09297   0.47348   0.38536   0.25379   0.45255   0.10740   0.14407   0.43268   0.42409   0.07561   0.19101   0.02130   0.11474   0.30286   0.04702   0.17453   0.26361   0.29644   0.09979   0.03538   0.68880   2.10624   0.24560  
 25 36.4320  42883.685259  x:  0.44227   0.41612   0.37422   0.29582   0.03478   0.02303   0.66364   0.37339   0.64282   0.73240   0.31446   0.44192   0.36265   0.33160   0.58379   0.76705   0.24906   0.52338   0.26736   0.62195   0.56956   0.09354   0.08739   0.08141   0.00314   0.23413   0.15374   0.15830   0.27345   0.05245   0.56074   0.19624   0.22513   0.34363   0.33162   0.20635   0.50135   0.08188   0.71247   0.11580   0.46415   0.08613   0.47536   0.38818   0.26086   0.45087   0.11707   0.14179   0.43279   0.41672   0.07883   0.18626   0.02130   0.11465   0.29345   0.04363   0.17944   0.26068   0.29092   0.10927   0.03353   0.67451   2.12910   0.24665  
 26 42.5879  42879.366941  x:  0.44322   0.43314   0.38748   0.30567   0.03481   0.02286   0.65810   0.37434   0.63872   0.77554   0.31069   0.45995   0.34990   0.32414   0.60540   0.74981   0.25013   0.49182   0.25512   0.62034   0.56364   0.08225   0.09005   0.07743   0.00316   0.22955   0.15321   0.16379   0.28457   0.05994   0.56619   0.20914   0.23643   0.35547   0.31566   0.19662   0.49117   0.07547   0.70320   0.11497   0.48580   0.08913   0.47658   0.39438   0.25741   0.44968   0.12386   0.14358   0.42470   0.41061   0.06056   0.18893   0.02087   0.11422   0.29531   0.05374   0.17607   0.27341   0.27876   0.09388   0.03514   0.66061   2.15850   0.24728  
 27 62.1893  42871.186135  x:  0.43721   0.45900   0.39180   0.30632   0.03512   0.02256   0.66807   0.36833   0.61178   0.81847   0.30703   0.48036   0.33319   0.30577   0.63704   0.75100   0.26888   0.48075   0.24610   0.62268   0.55957   0.06894   0.06845   0.07678   0.00374   0.22423   0.15402   0.15979   0.28214   0.05651   0.56766   0.20400   0.21409   0.36570   0.30499   0.18123   0.48422   0.10136   0.69504   0.09258   0.51066   0.08994   0.47489   0.39419   0.24279   0.45847   0.10876   0.14862   0.41826   0.42256   0.08839   0.19412   0.01774   0.11128   0.31212   0.03765   0.15985   0.27345   0.27734   0.10126   0.03241   0.66124   2.18292   0.24609  
 28 67.8416  42849.231837  x:  0.41848   0.50314   0.37359   0.27935   0.03635   0.02349   0.71596   0.34963   0.48496   0.86895   0.30116   0.49725   0.33438   0.29484   0.68800   0.80575   0.29541   0.51442   0.23678   0.64481   0.57209   0.08224   0.07036   0.06647   0.00422   0.23758   0.15520   0.16502   0.24486   0.05285   0.56634   0.17545   0.21979   0.36041   0.31997   0.18966   0.49153   0.11936   0.70284   0.06801   0.51611   0.07853   0.46921   0.37760   0.21606   0.49308   0.07921   0.11795   0.42193   0.45100   0.05363   0.16972   0.01502   0.11240   0.30352   0.04686   0.18722   0.24881   0.30420   0.07525   0.03248   0.70400   2.22904   0.24134  
 29 117.7333  42830.126485  x:  0.40881   0.51235   0.38454   0.29107   0.03801   0.02349   0.75243   0.33997   0.36349   0.87112   0.29472   0.48491   0.36001   0.31572   0.69924   0.86549   0.29458   0.55384   0.24120   0.66764   0.58724   0.07265   0.04410   0.06019   0.00525   0.24068   0.15703   0.16598   0.26629   0.04610   0.57139   0.19613   0.21270   0.34103   0.33946   0.20636   0.50549   0.06668   0.72482   0.05501   0.48468   0.09403   0.47689   0.37911   0.22636   0.50454   0.08198   0.09473   0.43849   0.45404   0.05760   0.18478   0.01108   0.10781   0.27187   0.04471   0.15770   0.26911   0.29901   0.07603   0.02851   0.75781   2.25590   0.23608  
 30 202.5949  42824.328304  x:  0.41392   0.50072   0.39975   0.30977   0.03858   0.02316   0.76108   0.34509   0.32894   0.85022   0.29730   0.47463   0.36079   0.31996   0.69026   0.88972   0.27979   0.55973   0.24578   0.67718   0.59245   0.06302   0.05826   0.05675   0.00561   0.23187   0.15830   0.16700   0.26888   0.03157   0.58135   0.18881   0.21047   0.33384   0.33963   0.19803   0.50870   0.07839   0.74144   0.04494   0.46829   0.09188   0.48677   0.38724   0.25071   0.49544   0.07916   0.11395   0.44735   0.44305   0.05686   0.17910   0.01011   0.10718   0.27965   0.04134   0.16023   0.27613   0.28087   0.06154   0.03025   0.78366   2.26784   0.23481  
 31 152.2502  42821.608187  x:  0.42133   0.48868   0.40531   0.31719   0.03890   0.02320   0.76505   0.35250   0.31745   0.82813   0.30336   0.47076   0.35364   0.31709   0.68240   0.90514   0.26473   0.55710   0.24690   0.68274   0.59527   0.06405   0.04197   0.05664   0.00551   0.23460   0.15903   0.16826   0.26382   0.04285   0.59101   0.18720   0.22131   0.33243   0.33637   0.18799   0.50761   0.08004   0.75310   0.04159   0.46413   0.08405   0.49331   0.39205   0.25436   0.48707   0.07852   0.12094   0.44972   0.43267   0.05562   0.16951   0.00991   0.10726   0.28928   0.04301   0.16424   0.27327   0.26944   0.06819   0.02843   0.80077   2.27904   0.23498  
 32 143.1031  42819.373594  x:  0.43403   0.46850   0.39798   0.31108   0.03872   0.02311   0.76737   0.36520   0.32580   0.78938   0.31706   0.47327   0.34282   0.31341   0.67181   0.92132   0.24580   0.54704   0.24549   0.68681   0.59564   0.06491   0.04495   0.05556   0.00543   0.23893   0.15870   0.16809   0.25558   0.03810   0.60162   0.18413   0.22012   0.33949   0.33159   0.18019   0.50354   0.07502   0.76457   0.04034   0.47324   0.08853   0.50004   0.39685   0.24034   0.47988   0.08919   0.11724   0.44710   0.42268   0.05479   0.18126   0.00900   0.10554   0.29408   0.04412   0.15718   0.26166   0.26783   0.06479   0.02854   0.82021   2.29205   0.23546  
 33 87.6574  42818.340078  x:  0.44066   0.45604   0.39427   0.30836   0.03865   0.02316   0.76935   0.37183   0.34172   0.75982   0.32712   0.47993   0.34153   0.31516   0.66613   0.92890   0.23580   0.53789   0.24058   0.68640   0.59324   0.06113   0.04371   0.05496   0.00557   0.23630   0.15876   0.16783   0.26176   0.03641   0.60320   0.18971   0.21417   0.34537   0.33001   0.18248   0.50151   0.07853   0.76672   0.03769   0.48127   0.08519   0.49880   0.39428   0.23685   0.48095   0.08823   0.11286   0.44397   0.42323   0.05495   0.17226   0.00911   0.10698   0.28348   0.04268   0.16306   0.26794   0.27342   0.06406   0.02837   0.82870   2.29800   0.23580  
 34 66.3462  42817.997894  x:  0.44146   0.45284   0.39689   0.31125   0.03864   0.02314   0.77277   0.37263   0.35058   0.74495   0.33118   0.48531   0.34299   0.31547   0.66478   0.93184   0.23145   0.53263   0.23510   0.68522   0.59199   0.06048   0.04317   0.05492   0.00553   0.23462   0.15901   0.16822   0.26034   0.03691   0.59986   0.18680   0.22097   0.34648   0.33170   0.18595   0.50108   0.07982   0.76469   0.03697   0.48220   0.08545   0.49523   0.39099   0.24112   0.48458   0.08162   0.11243   0.44355   0.42740   0.05457   0.17567   0.00908   0.10643   0.28110   0.04362   0.15805   0.26893   0.27616   0.06417   0.02831   0.82916   2.30251   0.23598  
 35 37.6423  42817.878139  x:  0.44033   0.45252   0.39872   0.31278   0.03860   0.02307   0.77565   0.37150   0.35603   0.73772   0.33201   0.48805   0.34449   0.31491   0.66413   0.93270   0.23079   0.53040   0.23307   0.68470   0.59192   0.05821   0.04318   0.05483   0.00550   0.23619   0.15887   0.16806   0.25895   0.03795   0.59673   0.18568   0.21980   0.34731   0.33473   0.18737   0.50083   0.07626   0.76225   0.03761   0.48004   0.08745   0.49331   0.39022   0.24213   0.48656   0.08201   0.11327   0.44431   0.42962   0.05448   0.17482   0.00900   0.10631   0.28520   0.04297   0.16009   0.26797   0.27520   0.06375   0.02836   0.82672   2.30509   0.23610  
 36 23.1190  42817.813189  x:  0.43830   0.45344   0.39841   0.31126   0.03851   0.02308   0.77945   0.36948   0.35894   0.73286   0.33155   0.48952   0.34547   0.31356   0.66356   0.93388   0.23051   0.52909   0.23276   0.68527   0.59357   0.05883   0.04330   0.05478   0.00548   0.23545   0.15894   0.16813   0.25959   0.03671   0.59439   0.18813   0.22012   0.34765   0.33860   0.18513   0.50064   0.07761   0.76046   0.03728   0.47685   0.08677   0.49264   0.39074   0.24224   0.48664   0.08314   0.11158   0.44482   0.42942   0.05438   0.17468   0.00899   0.10633   0.28597   0.04325   0.15969   0.26704   0.27210   0.06400   0.02828   0.82248   2.30934   0.23641  
 37 12.9612  42817.780208  x:  0.43679   0.45401   0.39836   0.31025   0.03845   0.02308   0.78198   0.36797   0.36017   0.73031   0.33073   0.48948   0.34546   0.31265   0.66275   0.93469   0.23069   0.52847   0.23336   0.68576   0.59492   0.05890   0.04309   0.05471   0.00546   0.23556   0.15894   0.16812   0.25984   0.03760   0.59422   0.18639   0.21980   0.34744   0.34056   0.18386   0.50067   0.07764   0.75980   0.03741   0.47612   0.08689   0.49318   0.39157   0.24121   0.48588   0.08365   0.11391   0.44496   0.42858   0.05436   0.17489   0.00905   0.10633   0.28347   0.04319   0.15947   0.26800   0.27245   0.06382   0.02830   0.81860   2.31188   0.23660  
 38  9.4861  42817.731788  x:  0.43500   0.45383   0.39953   0.31026   0.03842   0.02310   0.78504   0.36617   0.36128   0.72748   0.32922   0.48744   0.34531   0.31351   0.66049   0.93604   0.23202   0.52813   0.23463   0.68583   0.59622   0.05879   0.04307   0.05463   0.00542   0.23594   0.15892   0.16815   0.25881   0.03688   0.59659   0.18726   0.22000   0.34594   0.34084   0.18534   0.50160   0.07735   0.76017   0.03698   0.47918   0.08745   0.49488   0.39203   0.24180   0.48402   0.08176   0.11282   0.44320   0.42608   0.05461   0.17450   0.00907   0.10631   0.28443   0.04301   0.15972   0.26808   0.27471   0.06384   0.02827   0.81083   2.31309   0.23678  
 39  5.0750  42817.679843  x:  0.43525   0.45280   0.39986   0.30994   0.03837   0.02310   0.78660   0.36642   0.36187   0.72630   0.32904   0.48606   0.34482   0.31441   0.65930   0.93772   0.23385   0.52859   0.23468   0.68537   0.59611   0.05814   0.04296   0.05444   0.00547   0.23521   0.15898   0.16809   0.26018   0.03747   0.59794   0.18598   0.21922   0.34563   0.33939   0.18720   0.50226   0.07722   0.76151   0.03740   0.47997   0.08380   0.49459   0.39048   0.24164   0.48349   0.08277   0.11236   0.44365   0.42657   0.05384   0.17523   0.00904   0.10615   0.28542   0.04344   0.15874   0.26730   0.27401   0.06359   0.02828   0.80500   2.31261   0.23686  
 40  5.7179  42817.462760  x:  0.43963   0.44827   0.39961   0.30812   0.03826   0.02319   0.79033   0.37080   0.36108   0.72440   0.33060   0.48341   0.34228   0.31592   0.65770   0.94479   0.23947   0.53100   0.23214   0.68341   0.59394   0.05789   0.04267   0.05399   0.00545   0.23397   0.15901   0.16812   0.26172   0.03733   0.59906   0.18537   0.22228   0.34615   0.33182   0.18820   0.50289   0.07746   0.76702   0.03650   0.47912   0.08927   0.49249   0.38756   0.24030   0.48283   0.08337   0.11220   0.44742   0.43155   0.05443   0.17401   0.00924   0.10643   0.28338   0.04259   0.16005   0.26607   0.26826   0.06331   0.02832   0.78804   2.31003   0.23708  
 41 11.3859  42817.112178  x:  0.44667   0.44266   0.40011   0.30864   0.03816   0.02325   0.79170   0.37784   0.35948   0.72286   0.33156   0.48343   0.34191   0.31531   0.65777   0.95114   0.24501   0.53474   0.23067   0.68174   0.59113   0.05723   0.04300   0.05339   0.00525   0.23941   0.15859   0.16806   0.25534   0.03468   0.59452   0.19154   0.22185   0.34890   0.32595   0.18403   0.50092   0.07654   0.76933   0.03648   0.47425   0.08596   0.48936   0.38872   0.24194   0.48287   0.08373   0.11543   0.44746   0.43252   0.05271   0.17579   0.00956   0.10605   0.28188   0.04261   0.15962   0.26974   0.27230   0.06402   0.02808   0.77445   2.30571   0.23740  
 42 14.5869  42816.134087  x:  0.46041   0.43303   0.40129   0.31258   0.03793   0.02340   0.78977   0.39157   0.35472   0.71870   0.32926   0.48804   0.34657   0.31171   0.65992   0.95857   0.25187   0.54168   0.23149   0.68035   0.58757   0.06026   0.04115   0.05112   0.00522   0.23253   0.15927   0.16838   0.26038   0.03693   0.58162   0.18348   0.22249   0.35232   0.32301   0.18041   0.49544   0.07514   0.76463   0.03447   0.46708   0.08742   0.48815   0.39825   0.24665   0.48556   0.08871   0.10822   0.43825   0.42145   0.05315   0.17292   0.01036   0.10580   0.28491   0.04087   0.15907   0.26978   0.28442   0.06236   0.02812   0.76048   2.29643   0.23814  
 43 20.4558  42813.546860  x:  0.47141   0.42392   0.39830   0.31663   0.03718   0.02371   0.77723   0.40255   0.35013   0.70396   0.31340   0.49643   0.35679   0.30790   0.65953   0.95339   0.25475   0.54359   0.23876   0.68035   0.58492   0.06353   0.03827   0.04513   0.00466   0.24038   0.15849   0.16798   0.27345   0.03222   0.57639   0.18943   0.22227   0.34083   0.32816   0.19752   0.49114   0.07529   0.73997   0.03061   0.46950   0.08609   0.49573   0.39635   0.23876   0.49113   0.07599   0.12357   0.43577   0.40679   0.04913   0.17689   0.01214   0.10535   0.28032   0.03830   0.16247   0.25386   0.27283   0.06118   0.02763   0.76432   2.27406   0.24018  
 44 22.0794  42811.078447  x:  0.46589   0.42406   0.39343   0.31531   0.03642   0.02413   0.76547   0.39701   0.35143   0.68967   0.30061   0.49646   0.35497   0.30622   0.65280   0.94002   0.25499   0.54066   0.24470   0.67940   0.58348   0.06710   0.03616   0.03970   0.00443   0.23334   0.15906   0.16852   0.25754   0.02887   0.58584   0.18876   0.22815   0.33286   0.33570   0.20820   0.49185   0.07507   0.72389   0.02697   0.47351   0.08667   0.49813   0.38576   0.23770   0.48803   0.09016   0.12207   0.44454   0.41146   0.04906   0.17216   0.01428   0.10429   0.28373   0.03275   0.15849   0.27529   0.26519   0.05957   0.02721   0.78148   2.25258   0.24222  
 45 51.0131  42809.437057  x:  0.44600   0.43199   0.39784   0.31859   0.03598   0.02443   0.76023   0.37710   0.36070   0.68180   0.30287   0.48801   0.34554   0.31159   0.64288   0.92566   0.25702   0.53669   0.24610   0.67529   0.58090   0.06735   0.03380   0.03569   0.00395   0.23958   0.15859   0.16833   0.26648   0.02709   0.59477   0.18712   0.22970   0.33882   0.33460   0.19220   0.49413   0.07188   0.72931   0.02328   0.47072   0.08795   0.49105   0.38515   0.24873   0.47592   0.09390   0.11540   0.44919   0.42601   0.04498   0.17409   0.01565   0.10389   0.27974   0.03113   0.16189   0.26694   0.27516   0.05858   0.02673   0.80072   2.23595   0.24397  
 46 47.5997  42809.104538  x:  0.43716   0.43566   0.39995   0.31844   0.03579   0.02445   0.76118   0.36825   0.36394   0.68154   0.31079   0.48429   0.34574   0.31637   0.64109   0.92217   0.25744   0.53577   0.24279   0.67299   0.57937   0.06826   0.03387   0.03498   0.00406   0.23286   0.15916   0.16875   0.26458   0.02542   0.59149   0.18937   0.23068   0.34090   0.32998   0.19358   0.49614   0.06923   0.73821   0.02392   0.46719   0.08660   0.48908   0.38926   0.24321   0.47695   0.09322   0.12010   0.44522   0.42342   0.04528   0.17141   0.01595   0.10378   0.27998   0.03074   0.16053   0.26439   0.27601   0.05871   0.02662   0.80646   2.23378   0.24445  
 47 28.4392  42808.994015  x:  0.43308   0.43691   0.40030   0.31733   0.03573   0.02449   0.76205   0.36418   0.36518   0.68160   0.31572   0.48220   0.34608   0.31733   0.64054   0.92041   0.25744   0.53572   0.24115   0.67184   0.57855   0.06809   0.03349   0.03473   0.00391   0.23678   0.15881   0.16853   0.26530   0.02617   0.58839   0.18826   0.23100   0.34154   0.32725   0.19647   0.49694   0.07194   0.74286   0.02292   0.46563   0.08704   0.48897   0.39074   0.24233   0.47861   0.09404   0.11947   0.44257   0.41970   0.04520   0.17298   0.01601   0.10377   0.28056   0.03044   0.16101   0.26719   0.27409   0.05837   0.02667   0.80860   2.23323   0.24461  
 48 23.4933  42808.973412  x:  0.43228   0.43662   0.39993   0.31615   0.03568   0.02450   0.76297   0.36338   0.36561   0.68176   0.31814   0.48115   0.34563   0.31459   0.64080   0.91900   0.25752   0.53651   0.24186   0.67187   0.57857   0.06850   0.03346   0.03467   0.00392   0.23647   0.15881   0.16850   0.26532   0.02612   0.58685   0.18841   0.23051   0.34162   0.32611   0.19705   0.49600   0.07074   0.74387   0.02295   0.46635   0.08707   0.49006   0.38914   0.24473   0.47933   0.09379   0.11973   0.44320   0.41832   0.04525   0.17289   0.01601   0.10381   0.28021   0.03042   0.16101   0.26712   0.27378   0.05834   0.02667   0.80898   2.23368   0.24468  
 49  5.5165  42808.947856  x:  0.43202   0.43482   0.40121   0.31656   0.03568   0.02450   0.76519   0.36311   0.36606   0.68139   0.32126   0.47950   0.34892   0.31433   0.64145   0.91448   0.25739   0.53862   0.24334   0.67173   0.57820   0.06795   0.03348   0.03460   0.00391   0.23647   0.15883   0.16854   0.26520   0.02618   0.58624   0.18836   0.23116   0.34042   0.32460   0.19581   0.49310   0.07145   0.74334   0.02292   0.46701   0.08716   0.49137   0.38762   0.24344   0.47923   0.09441   0.11923   0.44521   0.41815   0.04522   0.17285   0.01602   0.10378   0.28027   0.03045   0.16100   0.26689   0.27447   0.05833   0.02668   0.80880   2.23411   0.24469  
 50  2.9840  42808.866934  x:  0.43321   0.42952   0.40075   0.31526   0.03561   0.02451   0.77241   0.36431   0.36577   0.67967   0.32519   0.47728   0.34701   0.31364   0.64344   0.90150   0.25602   0.54474   0.24322   0.67126   0.57740   0.06795   0.03357   0.03431   0.00393   0.23642   0.15881   0.16850   0.26531   0.02616   0.58967   0.18847   0.23112   0.33745   0.32331   0.19708   0.49282   0.07121   0.74043   0.02316   0.46584   0.08663   0.48900   0.39276   0.24414   0.47987   0.09426   0.11923   0.44325   0.42078   0.04521   0.17291   0.01600   0.10377   0.28009   0.03038   0.16103   0.26689   0.27390   0.05828   0.02672   0.80822   2.23537   0.24473  
 51  3.5734  42808.668170  x:  0.43462   0.42355   0.39990   0.31727   0.03557   0.02448   0.78209   0.36571   0.36417   0.67794   0.32443   0.47871   0.34210   0.31973   0.64448   0.88872   0.25433   0.54954   0.24343   0.67255   0.57859   0.06838   0.03394   0.03369   0.00395   0.23657   0.15887   0.16864   0.26589   0.02645   0.58733   0.18879   0.23159   0.34351   0.32487   0.19470   0.49975   0.07134   0.73983   0.02372   0.46611   0.08821   0.48682   0.38365   0.24363   0.47790   0.09516   0.12132   0.43837   0.41743   0.04556   0.17289   0.01597   0.10366   0.28071   0.03043   0.16093   0.26709   0.27347   0.05822   0.02687   0.80808   2.23400   0.24453  
 52  4.6329  42807.716522  x:  0.43234   0.41122   0.39225   0.32113   0.03569   0.02441   0.79550   0.36343   0.36891   0.67610   0.31681   0.48530   0.34031   0.32168   0.63729   0.87770   0.25719   0.53509   0.22902   0.66933   0.57928   0.07131   0.03560   0.03083   0.00429   0.23710   0.15891   0.16874   0.26741   0.02840   0.57362   0.18988   0.23097   0.33189   0.32537   0.19100   0.50844   0.07104   0.74501   0.02588   0.47066   0.08585   0.49579   0.38759   0.24546   0.47076   0.09850   0.12098   0.44859   0.41519   0.04652   0.17340   0.01560   0.10347   0.28114   0.03052   0.16181   0.26619   0.27696   0.05778   0.02769   0.80833   2.21485   0.24252  
 53  6.2405  42806.268243  x:  0.42408   0.40167   0.38857   0.32177   0.03583   0.02416   0.79007   0.35516   0.38144   0.67232   0.31403   0.48174   0.34803   0.31096   0.62087   0.88018   0.26346   0.52008   0.24797   0.66574   0.57825   0.06631   0.03872   0.02636   0.00479   0.23663   0.15895   0.16911   0.26840   0.03047   0.57673   0.19177   0.24068   0.34977   0.32841   0.19944   0.49722   0.07207   0.74258   0.03014   0.46629   0.08497   0.48915   0.39568   0.24472   0.46857   0.09645   0.12184   0.44581   0.41746   0.04794   0.17394   0.01511   0.10313   0.28055   0.03082   0.16154   0.26663   0.27394   0.05698   0.02901   0.80523   2.18895   0.23978  
 54 20.6676  42805.468368  x:  0.42078   0.40892   0.39292   0.31656   0.03567   0.02386   0.77152   0.35185   0.38449   0.66698   0.32011   0.47218   0.35211   0.31253   0.61623   0.89103   0.25945   0.52111   0.24450   0.65646   0.57201   0.07288   0.04002   0.02382   0.00492   0.23745   0.15893   0.16914   0.27112   0.03104   0.58574   0.19317   0.23649   0.33955   0.32944   0.19572   0.48553   0.07219   0.73476   0.03215   0.46441   0.08772   0.47815   0.38493   0.24842   0.46971   0.10132   0.12693   0.43241   0.41675   0.04908   0.17456   0.01484   0.10290   0.28238   0.03065   0.16217   0.26653   0.27518   0.05699   0.02961   0.80145   2.19354   0.23944  
 55 24.5368  42805.204999  x:  0.41981   0.41930   0.39618   0.31360   0.03565   0.02372   0.75186   0.35088   0.38912   0.65785   0.32217   0.46616   0.34511   0.31766   0.61807   0.89163   0.25517   0.53424   0.24640   0.65214   0.56759   0.07167   0.04053   0.02294   0.00497   0.23721   0.15895   0.16922   0.27120   0.03170   0.57888   0.19347   0.23835   0.34009   0.32795   0.19436   0.48967   0.07245   0.72787   0.03291   0.46703   0.08642   0.48360   0.38802   0.24783   0.47006   0.10142   0.12651   0.43631   0.41723   0.04925   0.17462   0.01474   0.10283   0.28225   0.03073   0.16215   0.26639   0.27477   0.05670   0.02985   0.79563   2.19561   0.23942  
 56 16.4469  42805.169786  x:  0.42012   0.42384   0.39480   0.31447   0.03570   0.02371   0.74731   0.35119   0.39183   0.65454   0.32104   0.46808   0.34655   0.31559   0.62054   0.88945   0.25428   0.53722   0.24689   0.65477   0.56991   0.07097   0.04059   0.02283   0.00500   0.23710   0.15895   0.16921   0.27100   0.03177   0.57951   0.19342   0.23871   0.33777   0.32459   0.19428   0.49127   0.07242   0.73026   0.03299   0.46551   0.08675   0.48169   0.38734   0.24764   0.46823   0.10155   0.12622   0.43603   0.41614   0.04926   0.17458   0.01472   0.10284   0.28196   0.03083   0.16206   0.26624   0.27497   0.05666   0.02989   0.79374   2.19391   0.23929  
 57  5.8336  42805.156866  x:  0.41983   0.42458   0.39346   0.31555   0.03570   0.02369   0.74613   0.35091   0.39149   0.65395   0.31956   0.46819   0.34718   0.31519   0.61956   0.88830   0.25382   0.53926   0.24387   0.65633   0.57033   0.07099   0.04055   0.02276   0.00499   0.23711   0.15896   0.16921   0.27108   0.03173   0.57994   0.19342   0.23872   0.33936   0.32526   0.19444   0.48871   0.07242   0.73198   0.03293   0.46613   0.08660   0.48282   0.38744   0.24778   0.46877   0.10149   0.12643   0.43544   0.41679   0.04929   0.17461   0.01471   0.10284   0.28205   0.03082   0.16206   0.26631   0.27465   0.05668   0.02989   0.79299   2.19398   0.23935  
 58  1.3165  42804.917091  x:  0.41777   0.42447   0.38775   0.31945   0.03568   0.02354   0.74324   0.34884   0.38873   0.65969   0.32297   0.47238   0.34044   0.32072   0.60983   0.88654   0.25342   0.53869   0.24628   0.67019   0.57071   0.06994   0.03996   0.02146   0.00493   0.23649   0.15904   0.16936   0.27083   0.03134   0.57729   0.19274   0.23852   0.33429   0.32413   0.19132   0.48441   0.07309   0.72941   0.03262   0.46834   0.08720   0.47705   0.38807   0.24771   0.47888   0.10175   0.12608   0.43802   0.41498   0.04959   0.17492   0.01429   0.10306   0.28220   0.03164   0.16197   0.26609   0.27495   0.05744   0.03000   0.78994   2.19469   0.23933  
 59  0.6473  42803.962650  x:  0.41808   0.43111   0.38643   0.31270   0.03549   0.02295   0.74539   0.34916   0.37877   0.67829   0.33077   0.48177   0.34429   0.31237   0.60564   0.88403   0.24941   0.53597   0.24115   0.66753   0.56124   0.06527   0.03818   0.01649   0.00473   0.23394   0.15926   0.16988   0.27025   0.02920   0.57770   0.19039   0.23891   0.33681   0.32732   0.19300   0.49249   0.07545   0.72144   0.03254   0.46169   0.08824   0.48729   0.38410   0.24582   0.46509   0.10023   0.12546   0.43136   0.41920   0.05046   0.17623   0.01261   0.10401   0.28269   0.03486   0.16166   0.26537   0.27634   0.06079   0.03043   0.78751   2.19440   0.23922  
 60  5.2954  42803.672127  x:  0.41959   0.43143   0.39003   0.30792   0.03541   0.02279   0.74651   0.35067   0.37353   0.67965   0.32172   0.47348   0.34630   0.31155   0.61641   0.88190   0.24409   0.53115   0.24118   0.65688   0.56899   0.06568   0.03745   0.01490   0.00463   0.23347   0.15936   0.17012   0.27017   0.02855   0.57364   0.18960   0.23715   0.34036   0.32973   0.19289   0.49069   0.07613   0.72711   0.03183   0.46860   0.08865   0.47719   0.38656   0.24551   0.46696   0.09953   0.12555   0.43644   0.41768   0.05087   0.17662   0.01211   0.10427   0.28352   0.03578   0.16163   0.26548   0.27618   0.06166   0.03055   0.78816   2.19555   0.23938  
 61 13.9912  42803.633595  x:  0.41966   0.43023   0.38946   0.30798   0.03543   0.02278   0.74628   0.35074   0.37553   0.67929   0.32001   0.46994   0.34394   0.31322   0.62247   0.88183   0.24536   0.52891   0.24152   0.65540   0.57152   0.06462   0.03742   0.01472   0.00464   0.23328   0.15936   0.17013   0.26995   0.02847   0.57457   0.18944   0.23782   0.33932   0.33086   0.19174   0.48869   0.07610   0.72812   0.03190   0.46605   0.08872   0.48033   0.38547   0.24561   0.47033   0.09942   0.12527   0.43473   0.41779   0.05085   0.17664   0.01204   0.10431   0.28319   0.03596   0.16154   0.26539   0.27618   0.06182   0.03057   0.78829   2.19371   0.23928  
 62  6.9002  42803.627498  x:  0.41930   0.42951   0.38822   0.30913   0.03542   0.02277   0.74620   0.35038   0.37554   0.67927   0.32053   0.46776   0.34390   0.31337   0.62510   0.88265   0.24539   0.52815   0.24091   0.65748   0.57095   0.06475   0.03742   0.01470   0.00463   0.23328   0.15936   0.17013   0.26996   0.02850   0.57408   0.18944   0.23770   0.33964   0.33119   0.19231   0.48866   0.07616   0.72734   0.03192   0.46622   0.08874   0.47995   0.38559   0.24560   0.46880   0.09937   0.12530   0.43478   0.41797   0.05086   0.17665   0.01203   0.10432   0.28324   0.03595   0.16155   0.26539   0.27620   0.06184   0.03058   0.78829   2.19398   0.23932  
 63  1.5221  42803.605099  x:  0.41964   0.43029   0.38797   0.30908   0.03542   0.02278   0.74681   0.35073   0.37558   0.67897   0.31952   0.46476   0.34580   0.31171   0.62565   0.88274   0.24558   0.52728   0.23944   0.65937   0.56749   0.06433   0.03754   0.01470   0.00463   0.23321   0.15934   0.17010   0.26994   0.02857   0.57579   0.18945   0.23804   0.34060   0.33127   0.19048   0.49169   0.07606   0.72684   0.03206   0.46650   0.08872   0.47966   0.38556   0.24546   0.47185   0.09937   0.12517   0.43549   0.41651   0.05087   0.17665   0.01199   0.10439   0.28312   0.03591   0.16158   0.26532   0.27630   0.06184   0.03066   0.78860   2.19384   0.23937  
 64  0.4693  42803.157163  x:  0.42345   0.43915   0.39685   0.30110   0.03544   0.02288   0.75117   0.35450   0.36214   0.68038   0.31537   0.46535   0.34365   0.31350   0.62850   0.88566   0.24073   0.51987   0.24211   0.66896   0.56276   0.06379   0.04001   0.01462   0.00446   0.23311   0.15912   0.16994   0.26798   0.03146   0.57117   0.18937   0.23519   0.33936   0.33101   0.19162   0.48695   0.07608   0.73426   0.03416   0.46558   0.08846   0.48234   0.38466   0.24421   0.47125   0.09602   0.12206   0.43147   0.42279   0.05042   0.17615   0.01130   0.10530   0.28241   0.03415   0.16165   0.26545   0.27551   0.06165   0.03228   0.79418   2.20302   0.24054  
 65  0.9980  42802.931207  x:  0.42120   0.43607   0.39428   0.30439   0.03546   0.02292   0.74838   0.35224   0.35713   0.68411   0.32142   0.47093   0.34176   0.31322   0.63112   0.88950   0.24195   0.52256   0.23644   0.66218   0.56998   0.06239   0.04122   0.01456   0.00440   0.23279   0.15900   0.16983   0.26663   0.03265   0.57742   0.18909   0.23421   0.34185   0.33447   0.19140   0.48682   0.07616   0.73243   0.03533   0.46394   0.08868   0.47991   0.38425   0.24304   0.47033   0.09264   0.11997   0.43813   0.41569   0.05032   0.17576   0.01094   0.10580   0.28160   0.03358   0.16140   0.26555   0.27559   0.06149   0.03308   0.79551   2.20679   0.24113  
 66 10.3559  42802.912493  x:  0.42078   0.43558   0.39165   0.30706   0.03545   0.02291   0.74789   0.35182   0.35566   0.68438   0.32198   0.47013   0.34298   0.31233   0.63019   0.88997   0.24078   0.52200   0.23682   0.66009   0.57311   0.06260   0.04134   0.01454   0.00437   0.23287   0.15900   0.16985   0.26655   0.03274   0.57683   0.18908   0.23382   0.34229   0.33225   0.19066   0.48875   0.07614   0.73116   0.03542   0.46427   0.08857   0.48083   0.38422   0.24289   0.47152   0.09293   0.11985   0.43677   0.41768   0.05023   0.17570   0.01094   0.10580   0.28161   0.03348   0.16143   0.26551   0.27543   0.06146   0.03315   0.79537   2.20834   0.24131  
 67  4.8323  42802.911025  x:  0.42119   0.43673   0.39067   0.30781   0.03545   0.02291   0.74860   0.35222   0.35583   0.68431   0.32199   0.46979   0.34278   0.31257   0.62991   0.89000   0.24081   0.52198   0.23708   0.65939   0.57282   0.06258   0.04134   0.01454   0.00437   0.23287   0.15900   0.16985   0.26653   0.03274   0.57680   0.18908   0.23384   0.34229   0.33217   0.19084   0.48831   0.07614   0.73104   0.03543   0.46415   0.08858   0.48075   0.38424   0.24292   0.47136   0.09289   0.11983   0.43695   0.41741   0.05024   0.17569   0.01093   0.10581   0.28158   0.03349   0.16142   0.26551   0.27544   0.06147   0.03316   0.79556   2.20842   0.24130  
 68  0.6431  42802.840218  x:  0.41918   0.43276   0.38779   0.31180   0.03574   0.02318   0.74676   0.35022   0.35358   0.68105   0.32010   0.47255   0.34271   0.31183   0.63177   0.88934   0.24004   0.52168   0.24143   0.65569   0.56510   0.06299   0.04120   0.01498   0.00446   0.23343   0.15895   0.16970   0.26661   0.03220   0.57691   0.18889   0.23335   0.34055   0.33422   0.19089   0.48847   0.07582   0.73591   0.03527   0.46393   0.08838   0.48068   0.38396   0.24268   0.47173   0.09263   0.11943   0.43669   0.41752   0.05069   0.17542   0.01098   0.10571   0.28136   0.03387   0.16154   0.26545   0.27535   0.06168   0.03372   0.79436   2.21132   0.24157  
 69  0.0930  42802.614054  x:  0.42000   0.43177   0.39454   0.31044   0.03682   0.02419   0.74877   0.35108   0.35145   0.67257   0.31959   0.46858   0.34206   0.31204   0.62852   0.89061   0.24231   0.51992   0.23630   0.65768   0.57040   0.06311   0.04088   0.01653   0.00484   0.23513   0.15884   0.16925   0.26636   0.03066   0.57700   0.18807   0.23210   0.34328   0.32837   0.19270   0.48705   0.07518   0.72916   0.03528   0.46214   0.08776   0.48113   0.38406   0.24261   0.47041   0.09215   0.11820   0.43679   0.41469   0.05217   0.17425   0.01116   0.10534   0.28003   0.03533   0.16152   0.26509   0.27456   0.06242   0.03562   0.79688   2.20890   0.24154  
 70  2.4757  42802.440239  x:  0.41783   0.42938   0.39310   0.31062   0.03663   0.02455   0.74704   0.34887   0.34940   0.67431   0.31724   0.46754   0.34126   0.31158   0.62420   0.88608   0.24037   0.51927   0.23592   0.65648   0.56749   0.06224   0.04004   0.01515   0.00497   0.23390   0.15904   0.16942   0.26588   0.03176   0.57490   0.18981   0.23368   0.34216   0.32793   0.19328   0.48530   0.07485   0.72542   0.03348   0.46135   0.08824   0.47961   0.38306   0.24289   0.46877   0.09258   0.11875   0.43499   0.41314   0.05063   0.17380   0.01175   0.10472   0.27942   0.03518   0.16072   0.26405   0.27470   0.06014   0.03820   0.79360   2.20025   0.24203  
 71  0.0133  42802.394065  x:  0.41719   0.43028   0.39188   0.30916   0.03610   0.02415   0.74537   0.34820   0.34941   0.67557   0.31765   0.46671   0.34120   0.31133   0.62403   0.88429   0.23937   0.51868   0.23591   0.65559   0.56804   0.06154   0.04033   0.01613   0.00485   0.23358   0.15899   0.16947   0.26623   0.03120   0.57385   0.18885   0.23456   0.34208   0.32904   0.19282   0.48507   0.07516   0.72528   0.03350   0.46163   0.08852   0.47886   0.38287   0.24294   0.46860   0.09321   0.11912   0.43486   0.41349   0.05007   0.17437   0.01176   0.10481   0.27985   0.03436   0.16093   0.26438   0.27503   0.06122   0.03900   0.79292   2.19755   0.24211  
 72  0.0076  42802.385527  x:  0.41726   0.43116   0.39160   0.30862   0.03598   0.02384   0.74504   0.34827   0.34867   0.67531   0.31849   0.46680   0.34115   0.31140   0.62440   0.88384   0.23974   0.51780   0.23573   0.65570   0.56825   0.06170   0.04006   0.01635   0.00483   0.23373   0.15894   0.16946   0.26600   0.03130   0.57398   0.18868   0.23453   0.34241   0.32953   0.19226   0.48511   0.07510   0.72553   0.03338   0.46143   0.08826   0.47877   0.38278   0.24267   0.46871   0.09298   0.11903   0.43514   0.41416   0.05065   0.17451   0.01173   0.10496   0.27996   0.03458   0.16095   0.26455   0.27492   0.06056   0.03936   0.79326   2.19776   0.24216  
 73  0.0033  42802.381413  x:  0.41758   0.43112   0.39173   0.30877   0.03609   0.02359   0.74535   0.34858   0.34857   0.67406   0.31905   0.46710   0.34122   0.31158   0.62439   0.88430   0.23989   0.51766   0.23568   0.65604   0.56821   0.06199   0.03999   0.01620   0.00492   0.23387   0.15895   0.16948   0.26588   0.03116   0.57425   0.18846   0.23429   0.34261   0.32951   0.19228   0.48523   0.07506   0.72579   0.03362   0.46128   0.08831   0.47904   0.38289   0.24258   0.46884   0.09294   0.11894   0.43536   0.41405   0.05016   0.17431   0.01185   0.10494   0.27984   0.03462   0.16098   0.26474   0.27472   0.06049   0.03962   0.79335   2.19861   0.24202  
 74  0.0014  42802.377958  x:  0.41781   0.43107   0.39202   0.30905   0.03615   0.02355   0.74570   0.34882   0.34991   0.67555   0.31855   0.46719   0.34136   0.31160   0.62483   0.88500   0.23970   0.51864   0.23597   0.65618   0.56851   0.06190   0.03981   0.01619   0.00488   0.23383   0.15901   0.16956   0.26601   0.03111   0.57451   0.18879   0.23425   0.34238   0.32925   0.19240   0.48552   0.07519   0.72606   0.03383   0.46167   0.08831   0.47921   0.38313   0.24282   0.46888   0.09305   0.11912   0.43525   0.41407   0.05047   0.17431   0.01199   0.10480   0.27989   0.03442   0.16089   0.26455   0.27479   0.06045   0.03989   0.79338   2.19921   0.24198  
 75  0.0017  42802.376620  x:  0.41783   0.43121   0.39194   0.30901   0.03605   0.02371   0.74590   0.34884   0.35022   0.67551   0.31861   0.46732   0.34145   0.31157   0.62500   0.88508   0.24036   0.51888   0.23608   0.65628   0.56867   0.06209   0.03990   0.01614   0.00482   0.23378   0.15899   0.16953   0.26613   0.03104   0.57456   0.18883   0.23428   0.34230   0.32936   0.19248   0.48567   0.07512   0.72621   0.03379   0.46183   0.08828   0.47925   0.38310   0.24276   0.46907   0.09302   0.11916   0.43534   0.41436   0.05032   0.17446   0.01187   0.10494   0.28008   0.03454   0.16102   0.26467   0.27491   0.06041   0.04002   0.79358   2.19952   0.24193  
 76  0.0008  42802.376436  x:  0.41793   0.43118   0.39192   0.30900   0.03605   0.02373   0.74591   0.34893   0.35034   0.67540   0.31876   0.46736   0.34146   0.31165   0.62495   0.88514   0.24018   0.51884   0.23609   0.65635   0.56867   0.06212   0.03987   0.01612   0.00484   0.23382   0.15898   0.16951   0.26613   0.03109   0.57462   0.18877   0.23427   0.34235   0.32939   0.19242   0.48570   0.07510   0.72631   0.03370   0.46179   0.08826   0.47930   0.38314   0.24278   0.46907   0.09304   0.11918   0.43540   0.41436   0.05039   0.17446   0.01181   0.10493   0.28006   0.03446   0.16101   0.26468   0.27488   0.06045   0.04005   0.79352   2.19957   0.24193  
 77  0.0004  42802.376400  x:  0.41794   0.43120   0.39194   0.30899   0.03606   0.02372   0.74589   0.34894   0.35038   0.67543   0.31877   0.46735   0.34147   0.31166   0.62496   0.88516   0.24016   0.51886   0.23609   0.65635   0.56869   0.06210   0.03989   0.01613   0.00485   0.23383   0.15898   0.16952   0.26613   0.03110   0.57463   0.18877   0.23430   0.34235   0.32939   0.19241   0.48571   0.07512   0.72635   0.03367   0.46182   0.08828   0.47930   0.38317   0.24280   0.46906   0.09307   0.11919   0.43539   0.41435   0.05036   0.17444   0.01181   0.10491   0.28005   0.03451   0.16099   0.26468   0.27486   0.06045   0.04006   0.79357   2.19960   0.24195  
 78  0.0001  42802.376393  x:  0.41793   0.43121   0.39194   0.30900   0.03607   0.02371   0.74589   0.34893   0.35037   0.67543   0.31875   0.46736   0.34147   0.31165   0.62498   0.88515   0.24021   0.51887   0.23610   0.65635   0.56869   0.06210   0.03990   0.01612   0.00485   0.23383   0.15899   0.16953   0.26613   0.03110   0.57463   0.18878   0.23429   0.34234   0.32939   0.19242   0.48570   0.07512   0.72633   0.03365   0.46182   0.08828   0.47930   0.38316   0.24280   0.46906   0.09307   0.11919   0.43538   0.41435   0.05037   0.17444   0.01181   0.10492   0.28005   0.03450   0.16100   0.26468   0.27486   0.06046   0.04006   0.79356   2.19960   0.24195  
 79  0.0001  42802.376392  x:  0.41793   0.43120   0.39194   0.30900   0.03606   0.02371   0.74590   0.34893   0.35038   0.67544   0.31875   0.46736   0.34147   0.31165   0.62498   0.88516   0.24020   0.51888   0.23610   0.65635   0.56869   0.06211   0.03990   0.01612   0.00485   0.23383   0.15899   0.16953   0.26613   0.03110   0.57463   0.18878   0.23428   0.34234   0.32939   0.19242   0.48571   0.07511   0.72634   0.03365   0.46182   0.08828   0.47930   0.38316   0.24280   0.46906   0.09306   0.11918   0.43539   0.41435   0.05037   0.17444   0.01182   0.10492   0.28006   0.03450   0.16100   0.26468   0.27486   0.06046   0.04006   0.79356   2.19960   0.24194  
 80  0.0000  42802.376392  x:  0.41793   0.43120   0.39194   0.30900   0.03606   0.02371   0.74590   0.34893   0.35038   0.67544   0.31875   0.46736   0.34147   0.31165   0.62498   0.88516   0.24020   0.51888   0.23610   0.65635   0.56869   0.06211   0.03990   0.01612   0.00485   0.23383   0.15899   0.16953   0.26613   0.03110   0.57463   0.18878   0.23428   0.34234   0.32939   0.19242   0.48571   0.07511   0.72634   0.03365   0.46182   0.08827   0.47930   0.38316   0.24280   0.46906   0.09306   0.11918   0.43538   0.41435   0.05037   0.17444   0.01182   0.10491   0.28006   0.03450   0.16100   0.26468   0.27486   0.06046   0.04006   0.79356   2.19960   0.24194  
 81  0.0000  42802.376392  x:  0.41793   0.43120   0.39194   0.30900   0.03606   0.02371   0.74590   0.34893   0.35038   0.67544   0.31875   0.46736   0.34147   0.31165   0.62498   0.88516   0.24020   0.51888   0.23610   0.65635   0.56869   0.06211   0.03990   0.01612   0.00485   0.23383   0.15899   0.16953   0.26613   0.03110   0.57463   0.18878   0.23428   0.34234   0.32939   0.19242   0.48571   0.07511   0.72634   0.03365   0.46182   0.08828   0.47930   0.38316   0.24280   0.46906   0.09306   0.11918   0.43538   0.41435   0.05037   0.17444   0.01182   0.10491   0.28006   0.03450   0.16100   0.26468   0.27486   0.06046   0.04006   0.79356   2.19960   0.24194  